0.001    1.357e-16
0.0015    1.426e-16
0.0018    1.464e-16
0.002    1.49e-16
0.0025    1.55e-16
0.003    1.62e-16
0.004    1.718e-16
0.005    1.81e-16
0.006    1.908e-16
0.007    2e-16
0.008    2.062e-16
0.009    2.131e-16
0.01    2.19e-16
0.012    2.342e-16
0.015    2.55e-16
0.018    2.729e-16
0.02    2.85e-16
0.025    3.12e-16
0.03    3.4e-16
0.04    3.85e-16
0.05    4.33e-16
0.06    4.72e-16
0.07    5.1e-16
0.08    5.41e-16
0.09    5.69e-16
0.1    5.95e-16
0.12    6.45e-16
0.15    7.1e-16
0.18    7.59e-16
0.2    7.9e-16
0.25    8.5e-16
0.3    9e-16
0.4    9.7e-16
0.5    10.16e-16
0.6    10.65e-16
0.7    10.87e-16
0.8    11e-16
0.9    11.03e-16
1    11.07e-16
1.5    11.12e-16
1.92    17.4e-16
1.98    18.03e-16
2.46    16.65e-16
2.605    12.38e-16
4    10.9e-16
5    9.9e-16
6    9.45e-16
7    9.29e-16
8    9.19e-16
9    9.29e-16
10    9.45e-16
12    9.84e-16
15    9.97e-16
18    9.07e-16
20    8.2e-16
25    7.25e-16
30    6.8e-16
40    6.31e-16
50    5.6e-16
60    4.51e-16
70    3.59e-16
80    2.94e-16
90    2.5e-16
100    2.19e-16
