 1.00781512511247e-002    2.99054662203880e-016
 1.08314161288309e-002    2.97468585643470e-016
 1.22934877712605e-002    2.99585231462659e-016
 1.39528028785185e-002    3.00649195586210e-016
 1.58358913326227e-002    3.00116742033424e-016
 1.79731968449740e-002    3.00116742033424e-016
 2.03990485828516e-002    3.00649195586210e-016
 2.31523187930758e-002    3.01182593794013e-016
 2.62771993173652e-002    3.01716938332796e-016
 2.98239677052320e-002    3.02788473122033e-016
 3.38493241575192e-002    3.03325666739304e-016
 3.84178290551371e-002    3.03325666739304e-016
 4.36029263816742e-002    3.03325666739304e-016
 4.94878350964882e-002    3.03325666739304e-016
 5.62660836134518e-002    3.03863813421199e-016
 6.38624208973657e-002    3.08750301454673e-016
 7.17282747067511e-002    3.22740125703637e-016
 7.91638864842803e-002    3.47068904032015e-016
 8.66090380467402e-002    3.79906456433893e-016
 9.49207605239738e-002    4.15114421428823e-016
 1.04761439916148e-001    4.47991947579115e-016
 1.17049516573705e-001    4.74978951969173e-016
 1.31928968922763e-001    4.95621474573040e-016
 1.49479715649055e-001    5.07174971771223e-016
 1.69655070713177e-001    5.08074778672278e-016
 1.92206635171499e-001    4.99148082667760e-016
 2.17367150215838e-001    4.84331167210590e-016
 2.45819267423686e-001    4.68290967797248e-016
 2.78001248723440e-001    4.56812795540507e-016
 3.15518096844092e-001    4.54390027534943e-016
 3.57484775033151e-001    4.60879482854419e-016
 4.05048193500938e-001    4.74978951969173e-016
 4.56538327511650e-001    4.95621474573040e-016
 5.13678266914111e-001    5.20840992503931e-016
 5.75952486379085e-001    5.52216418395361e-016
 6.41260629142375e-001    5.89647910186661e-016
 7.12725624350821e-001    6.31852718502993e-016
 7.92151786150882e-001    6.75879275862567e-016
 8.81975101725713e-001    7.21693142896572e-016
 9.87161344171385e-001    7.65167888638926e-016
 1.11263673274986e+000    7.94187445943807e-016
 1.26060671393646e+000    7.99838508335733e-016
 1.42816828167891e+000    7.84393989389305e-016
 1.61225678959196e+000    7.55732284346063e-016
 1.81364768914914e+000    7.21693142896572e-016
 2.03300781378892e+000    6.85531970896092e-016
 2.27888096867494e+000    6.48878228103603e-016
 2.54998166499648e+000    6.12010742675361e-016
 2.85334468402483e+000    5.78262076389349e-016
 3.20978894684251e+000    5.54177591363535e-016
 3.63004989686532e+000    5.43476673340334e-016
 4.11998289095562e+000    5.43476673340334e-016
 4.67619205221494e+000    5.51238436088413e-016
 5.28905201929178e+000    5.68102214133722e-016
 5.94057025527590e+000    5.97009888056178e-016
 6.60261436890957e+000    6.39741639416731e-016
 7.30000840284970e+000    6.92861853471699e-016
 8.08513699668672e+000    7.45091127438025e-016
 9.03352627396594e+000    7.91376904747408e-016
 1.01820012690389e+001    8.30172974499214e-016
 1.14964515591203e+001    8.63186612174925e-016
 1.30030665566727e+001    8.86445500713888e-016
 1.47583968801196e+001    8.95923601963367e-016
 1.67500733089064e+001    8.91171950828687e-016
 1.89767471381010e+001    8.78623723424302e-016
 2.14993369226677e+001    8.64718038829952e-016
 2.43571570891065e+001    8.49525245591072e-016
 2.75947437071050e+001    8.33121298276380e-016
 3.12625478100092e+001    8.15587125947773e-016
 3.54180084027191e+001    7.99838508335733e-016
 4.01258184981792e+001    7.84393989389305e-016
 4.54593971473906e+001    7.69247697101133e-016
 5.15019223619814e+001    7.54393872849665e-016
 5.83473913451953e+001    7.38516626406011e-016
 6.63358826538303e+001    7.24256205196093e-016
 7.48879877618251e+001    7.04003888180343e-016
 8.27734093818085e+001    6.69915483202796e-016
 9.32846620705074e+001    6.64004313584090e-016
 1.00965849526678e+002    6.64004313584090e-016
