0.1692737297    0
0.3533163083    5.08436955535932E-019
0.3637580849    1.40488555812788E-017
0.4434163107    1.40500011933459E-017
0.4679920762    0
0.5426716628    0
0.5544666937    9.47106136184635E-018
0.6341082126    9.52254230411227E-018
0.6571636555    0
0.7268813098    0
0.7448411657    5.89997374639013E-018
0.8244993914    5.90111935845724E-018
0.8513305807    0
0.9160695959    0
0.9319745101    1.20939401895033E-017
1.0116327359    1.20950858015704E-017
1.0305782954    0
1.1002792429    0
1.1196758873    1.65765054058569E-017
1.199334113    1.65776510179241E-017
1.2147879424    0
1.2745316117    0
1.2954318719    1.20488317143607E-017
1.3750900976    1.20499773264278E-017
1.3989975894    0
1.4487839805    0
1.4710040812    8.07484665505143E-018
1.5456836679    8.07592066636435E-018
1.5682713191    0
1.6180577102    0
1.636134514    5.56044296999928E-018
1.7257500179    5.56173178357479E-018
1.8858851047    3.09759182796725E-018
2.8029905248    0
